A22	58.435637	43.643948	87.773529	0.220585	0.414234	0.883036
A2	17.979773	-1.942178	106.912098	0.216128	-0.042163	0.975454
A104	-101.661647	20.228319	63.141772	-0.816902	0.198282	0.541624
A241	-114.160410	-54.011558	-54.440616	-0.836285	-0.531230	0.135728
A138	-111.756943	-22.021519	40.099246	-0.924905	-0.214282	0.314061
A214	-45.750227	114.698121	-41.007472	0.106353	0.993857	0.030602
A71	-49.055916	69.693677	78.022273	-0.304371	0.677770	0.669319
A26	-29.719843	39.830109	103.056451	-0.118919	0.377454	0.918360
A93	94.424105	76.711009	31.293063	0.577797	0.763512	0.288444
A39	99.605319	43.236027	66.560485	0.616866	0.422112	0.664303
A125	93.866365	82.212317	10.336223	0.562697	0.823338	0.074066
A20	98.131016	24.759166	76.634054	0.613457	0.219887	0.758499
A65	79.043159	74.020285	53.476849	0.417148	0.735544	0.533821
A9	17.865324	22.694388	104.773314	0.213605	0.203316	0.955529
A8	39.147958	22.043675	99.986732	0.209848	0.199826	0.957096
A95	51.738422	91.064743	38.842883	0.148597	0.913197	0.379460
A114	32.014182	-92.529637	36.954194	0.134006	-0.938191	0.319123
A175	68.459009	-91.372482	-13.002839	0.316859	-0.946902	-0.054576
A16	39.285195	-25.491291	98.214578	0.230701	-0.289978	0.928811
A228	61.018858	-90.596822	-56.471785	0.290154	-0.955774	-0.048012
A35	82.012216	-42.194012	78.444489	0.414356	-0.467621	0.780794
A191	-63.627940	-91.971141	-6.397441	-0.416181	-0.908934	0.025166
A37	115.915881	-1.427689	62.696470	0.784095	-0.061487	0.617587
A170	-49.968153	-96.935268	9.173438	-0.297232	-0.954245	0.032672
A207	-93.797175	-72.399661	-19.906367	-0.694696	-0.713693	0.089675
A112	-11.027535	-94.038704	46.306446	0.062974	-0.936851	0.344012
A224	-87.359827	-80.140445	-39.677535	-0.601293	-0.794220	0.087530
A82	12.970817	-83.427688	61.525030	0.176762	-0.826363	0.534678
A238	-129.188439	14.536693	-51.279459	-0.978682	0.117359	0.168549
A202	-118.444606	35.792129	-13.657106	-0.934442	0.321251	0.153683
A220	-127.258595	2.427584	-32.283169	-0.986451	0.006205	0.163935
A28	-50.417086	-2.625926	105.807550	-0.326322	-0.051826	0.943836
A239	-128.857268	-8.925350	-51.641696	-0.983343	-0.109183	0.145312
A13	-24.962952	-23.120766	108.325774	-0.086638	-0.261232	0.961380
A165	-118.232198	-11.506023	21.395051	-0.979783	-0.114165	0.164291
A204	-123.794098	-9.280420	-13.433843	-0.982185	-0.101440	0.158186
A233	-31.894610	114.014641	-57.989170	0.103917	0.994331	0.022486
A98	-11.806093	93.323894	52.730153	0.058908	0.900393	0.431071
A25	-5.289313	43.537885	101.666019	0.115685	0.413088	0.903313
A70	-29.608676	78.329607	74.843226	-0.112370	0.750902	0.650783
A72	-66.027259	57.017185	79.419902	-0.467762	0.552085	0.690218
A11	-24.717844	18.566119	109.820114	-0.079808	0.161821	0.983587
A47	-59.358683	39.011703	94.218359	-0.410805	0.368646	0.833870
A160	-69.074013	89.541821	17.778939	-0.482156	0.865362	0.136649
A64	98.556868	62.071780	50.265941	0.620471	0.611863	0.490549
A3	40.232484	-2.004154	101.768628	0.229032	-0.065407	0.971219
A177	78.691947	93.395278	-31.578774	0.586569	0.809534	-0.024335
A63	114.280342	44.613423	47.402385	0.779107	0.426730	0.459232
A155	45.166107	99.587247	-5.173110	0.120358	0.991950	0.039369
A10	-4.426668	21.047769	109.224663	0.117062	0.191538	0.974479
A127	49.005731	97.580149	16.631763	0.118736	0.980866	0.154279
A67	33.752206	80.850452	62.083113	0.163337	0.801760	0.574893
A115	52.997969	-90.121990	33.381208	0.166098	-0.938739	0.301959
A247	30.451003	-97.872092	-70.908432	0.231200	-0.970874	-0.062837
A174	46.081394	-96.344983	-10.515328	0.101129	-0.994555	-0.025149
A194	59.327704	-96.408865	-30.564153	0.428077	-0.899622	-0.086210
A5	81.538030	-2.051565	89.923681	0.433239	-0.065445	0.898900
A242	-98.557820	-71.482011	-57.347024	-0.693117	-0.714373	0.096225
A176	86.525485	-83.191190	-14.601015	0.492416	-0.865380	-0.092969
A78	-66.005599	-58.488946	76.728263	-0.468320	-0.568942	0.676004
A168	-89.248976	-72.412870	14.925654	-0.701426	-0.706589	0.093455
A31	-5.089835	-47.208222	98.690813	0.103847	-0.490073	0.865473
A223	-103.833639	-63.841556	-36.419045	-0.778628	-0.619307	0.100987
A245	-10.664820	-104.923876	-65.284246	0.105364	-0.994423	-0.004815
A219	-125.103125	25.307634	-31.689889	-0.959172	0.226869	0.168875
A12	-27.103159	-2.482294	111.205994	-0.100820	-0.044985	0.993887
A186	-121.854656	-0.104311	3.421040	-0.987726	-0.022451	0.154579
A105	-104.251529	-0.992836	62.259750	-0.849472	-0.007247	0.527584
A222	-117.124715	-43.674005	-35.204227	-0.894134	-0.428588	0.129753
A76	-87.854712	-21.370180	79.448965	-0.697771	-0.206850	0.685806
A50	-67.519068	-22.910339	94.499709	-0.511533	-0.239051	0.825342
A188	-111.123321	-44.210464	1.757075	-0.893155	-0.434116	0.117551
A231	11.105042	109.670303	-62.603756	0.100275	0.994800	0.017847
A45	-22.987800	61.663953	91.672943	-0.063855	0.591015	0.804128
A180	-41.183439	112.954514	-13.374053	0.115694	0.992418	0.041492
A99	-31.945643	91.064240	55.129486	-0.123837	0.883618	0.451535
A234	-79.826187	91.654480	-56.675404	-0.514416	0.853105	0.087098
A215	-68.182985	96.196988	-37.138134	-0.434493	0.894012	0.109352
A235	-98.217311	77.721304	-54.394046	-0.689099	0.711761	0.136161
A181	-61.855693	95.580734	-0.714169	-0.380137	0.919937	0.095988
A38	113.385567	22.804712	61.878113	0.771794	0.199538	0.603753
A230	29.186426	106.127398	-69.845682	0.261417	0.964775	0.029483
A91	124.450694	43.690394	26.619127	0.867509	0.429689	0.250591
A212	61.463801	97.130377	-51.706096	0.299633	0.954020	0.008061
A24	16.034785	45.408208	96.902265	0.204922	0.441046	0.873777
A66	54.725319	78.908039	58.950647	0.182427	0.795137	0.578341
A42	39.337315	64.083755	79.323788	0.178903	0.617171	0.766219
A96	31.598950	92.688982	42.184599	0.140726	0.911582	0.386282
A57	59.558534	-64.399562	71.372258	0.192984	-0.684949	0.702569
A86	98.327227	-63.186378	45.661412	0.582648	-0.686798	0.434546
A56	38.882543	-65.450470	75.932900	0.179193	-0.662197	0.727589
A116	75.495993	-84.953189	29.004321	0.376711	-0.885178	0.273037
A151	125.888340	-45.073129	1.132935	0.871632	-0.489748	-0.020073
A141	-77.818930	-78.066613	33.790216	-0.593169	-0.761233	0.262058
A120	131.777434	-22.710983	22.285050	0.935945	-0.295273	0.191886
A189	-99.528047	-62.919289	-1.083708	-0.780757	-0.618896	0.085947
A80	-30.162499	-80.106496	71.043863	-0.118547	-0.782538	0.611214
A210	-6.196956	-105.208899	-38.138083	0.091826	-0.995312	-0.030359
A143	-36.307704	-98.018255	28.597745	-0.181212	-0.963066	0.199167
A113	10.197190	-94.247667	39.989967	0.135185	-0.938283	0.318357
A27	-47.302774	22.249450	104.727273	-0.296201	0.190641	0.935906
A137	-114.297292	0.458902	41.164852	-0.943499	0.013778	0.331088
A135	-104.260279	44.626491	41.104644	-0.841352	0.432816	0.323725
A167	-103.428649	-54.673348	17.511125	-0.838486	-0.530233	0.125672
A75	-90.304430	-1.080408	80.316048	-0.720189	-0.011155	0.693687
A240	-123.468441	-32.699500	-53.978367	-0.939645	-0.324122	0.109603
A206	-108.330691	-53.944083	-17.924732	-0.839496	-0.533556	0.102782
A107	-95.273752	-40.937969	59.682077	-0.758659	-0.401442	0.513109
A130	-14.381096	100.856584	30.978444	0.022987	0.974057	0.225132
A100	-51.471350	84.376293	57.863345	-0.319740	0.809370	0.492632
A43	19.315429	64.928910	83.251626	0.184503	0.623995	0.759334
A200	-93.531208	76.779845	-15.771674	-0.679051	0.718337	0.151273
A102	-84.005974	57.916833	61.131599	-0.643863	0.553727	0.528041
A132	-56.641031	91.709227	35.841724	-0.363749	0.887296	0.283537
A183	-98.853442	66.925471	3.054069	-0.755264	0.638435	0.148249
A199	-75.011083	90.727898	-17.163725	-0.495671	0.861606	0.109290
A122	134.835998	24.043074	2.107701	0.975276	0.220941	0.004424
A19	100.028858	-1.820812	78.099969	0.632250	-0.059158	0.772503
A62	124.740171	22.924607	44.299525	0.884177	0.196160	0.423973
A21	81.730946	40.459363	81.085183	0.429799	0.385363	0.816559
A229	53.150099	102.160482	-69.591175	0.443537	0.895245	-0.042574
A84	55.970366	-79.739558	53.683247	0.188721	-0.835182	0.516581
A213	39.998233	101.353877	-47.498313	0.117840	0.991588	0.053535
A55	19.786589	-66.794011	79.472441	0.202108	-0.662890	0.720923
A32	16.673361	-48.120948	93.990036	0.198520	-0.494346	0.846293
A85	78.992955	-74.549751	48.400900	0.406160	-0.785030	0.467720
A146	29.341783	-98.158562	14.436499	0.106929	-0.991519	0.073857
A58	79.167629	-61.043910	65.793342	0.398925	-0.646340	0.650464
A60	114.007472	-23.024458	60.916740	0.768980	-0.229982	0.596472
A88	125.012526	-23.346350	41.986061	0.881169	-0.266242	0.390714
A79	-49.283911	-71.538397	74.264770	-0.301049	-0.696064	0.651816
A169	-71.009453	-87.249299	11.833714	-0.516649	-0.852510	0.079360
A54	-0.549137	-65.961903	85.633561	0.165987	-0.648821	0.742617
A203	-122.547293	13.040868	-13.349037	-0.980731	0.114127	0.158564
A145	7.099699	-99.655524	17.621519	0.107303	-0.990414	0.086981
A103	-94.938050	39.880986	62.859228	-0.748366	0.383707	0.541032
A163	-112.734509	35.384721	22.243563	-0.923419	0.340619	0.176853
A139	-104.388129	-43.689887	38.330374	-0.843713	-0.442484	0.303901
A49	-71.967313	-1.917101	95.651239	-0.530061	-0.049918	0.846489
A166	-113.327475	-33.483094	20.346740	-0.940696	-0.306678	0.145051
A156	19.155216	106.932983	-6.087916	0.108146	0.993267	0.041539
A128	28.917180	99.171272	19.626658	0.120485	0.980654	0.154270
A68	12.498780	81.985020	66.352195	0.148879	0.804911	0.574416
A159	-48.829857	98.527863	15.410162	-0.283192	0.953986	0.098547
A236	-113.385950	58.517845	-52.819922	-0.847269	0.519318	0.111556
A161	-87.866930	74.394628	20.712346	-0.672055	0.720810	0.169636
A121	137.387087	0.150818	0.860268	0.999242	-0.038817	-0.003037
A4	61.025895	-1.911819	97.029490	0.236340	-0.059162	0.969867
A61	127.530687	-1.857435	43.726875	0.908476	-0.078381	0.410523
A6	80.801418	19.386094	88.725097	0.409735	0.168578	0.896493
A126	73.435661	92.140427	13.082716	0.345501	0.931708	0.112024
A14	-4.090222	-25.559591	107.543036	0.109443	-0.274348	0.955383
A94	75.291963	86.463135	33.969162	0.369829	0.871206	0.322839
A15	17.807003	-25.817729	103.319496	0.216046	-0.286339	0.933453
A193	40.533183	-96.562510	-31.277761	0.147111	-0.989028	-0.013518
A150	112.390808	-63.952545	2.622573	0.732905	-0.680288	-0.007666
A227	39.005039	-94.720374	-52.992344	0.088295	-0.995324	-0.039191
A59	99.443743	-45.002993	64.164691	0.598543	-0.499582	0.626230
A36	97.643858	-27.100647	74.924924	0.601822	-0.310193	0.735929
A225	-68.291983	-91.759344	-42.870467	-0.418544	-0.906945	0.047652
A195	79.159534	-88.348561	-34.574673	0.600585	-0.791699	-0.111852
A30	-28.734843	-44.575863	100.162232	-0.101644	-0.462402	0.880825
A109	-70.029938	-73.291584	55.135739	-0.526660	-0.724296	0.445000
A172	-2.114696	-106.014177	-9.771328	0.120115	-0.992525	-0.021608
A108	-84.638111	-58.391431	57.322102	-0.669816	-0.568101	0.478129
A81	-8.872926	-83.342663	67.882130	0.087583	-0.818833	0.567310
A171	-23.987401	-108.153791	-7.341072	0.093536	-0.995068	-0.033012
A218	-117.494600	48.541578	-33.094369	-0.880061	0.444623	0.166742
A173	19.108552	-103.695498	-13.168069	0.086892	-0.994415	-0.059923
A201	-108.265805	57.692121	-13.928487	-0.828583	0.542207	0.139503
A74	-87.154281	19.917328	80.980806	-0.686217	0.182832	0.704045
A29	-47.314280	-27.120969	102.198092	-0.308385	-0.290227	0.905906
A164	-118.120228	13.279919	22.114486	-0.974733	0.132997	0.179464
A205	-117.904650	-33.247054	-15.373591	-0.933460	-0.331609	0.136706
A232	-10.354036	111.551711	-60.301033	0.101977	0.994519	0.023049
A69	-9.280158	80.881346	72.468486	0.082120	0.776130	0.625202
A157	-2.979155	108.877892	-3.418172	0.086938	0.995468	0.038548
A97	9.390741	94.099604	45.502008	0.127002	0.911194	0.391914
A217	-104.241919	68.126488	-33.918314	-0.765991	0.624480	0.152588
A101	-68.957499	73.106822	59.906904	-0.503710	0.694970	0.513121
A124	112.729643	65.895382	6.222196	0.747330	0.664070	0.022569
A40	80.697321	58.168622	69.400737	0.436577	0.578193	0.689271
A123	126.057396	46.833997	3.892970	0.885720	0.463855	0.018429
A153	85.139822	87.434244	-9.992624	0.483826	0.875051	-0.014085
A178	61.722716	99.137318	-28.528058	0.360053	0.932898	-0.007989
A1	-4.252061	-1.953840	111.485607	0.121893	-0.048922	0.991337
A179	42.285970	100.243082	-27.048884	0.116023	0.992969	0.023504
A33	38.657213	-46.812671	89.203858	0.204447	-0.507166	0.837248
A147	49.966958	-95.756446	11.732112	0.138483	-0.986967	0.081970
A117	94.191899	-75.383846	26.564291	0.546626	-0.802417	0.239433
A148	74.417408	-89.820251	8.259313	0.363005	-0.930218	0.054045
A87	114.570606	-45.478670	43.322841	0.764996	-0.512530	0.389992
A89	134.807996	0.064223	23.777173	0.976863	-0.012794	0.213485
A243	-80.365315	-85.837690	-60.169120	-0.509107	-0.857631	0.072648
A119	124.122545	-43.162290	24.416046	0.862293	-0.456341	0.219550
A52	-41.848194	-57.582930	89.585070	-0.214927	-0.573563	0.790464
A142	-57.486816	-90.966599	31.436858	-0.388916	-0.893667	0.223839
A211	14.200370	-103.473841	-40.322235	0.071268	-0.996921	-0.032715
A190	-82.477918	-80.696039	-3.414978	-0.602958	-0.796090	0.051795
A53	-21.781758	-64.239655	87.957872	-0.045557	-0.626821	0.777831
A192	-42.778651	-109.724998	-18.818474	0.099630	-0.994676	-0.026360
A73	-79.001447	39.648152	80.507898	-0.609695	0.368364	0.701841
A226	-45.761803	-109.072257	-47.584653	0.107091	-0.993899	-0.026376
A136	-111.565565	22.474060	41.543076	-0.919223	0.206633	0.335159
A184	-111.302412	46.660639	5.079999	-0.880186	0.442779	0.170936
A51	-58.682992	-42.557361	92.045704	-0.396978	-0.425277	0.813356
A237	-124.386542	38.069167	-50.116602	-0.927776	0.329700	0.174729
A77	-78.801083	-41.768265	78.375933	-0.618870	-0.404830	0.673136
A129	5.661151	100.810661	23.369795	0.100953	0.981755	0.161133
A131	-36.179079	98.170667	33.553545	-0.170333	0.953732	0.247753
A198	-27.982239	112.496540	-28.507948	0.100204	0.993477	0.054431
A197	-5.724166	110.599352	-31.386254	0.110502	0.992804	0.046136
A182	-81.858320	83.997285	1.262825	-0.579385	0.802764	0.141012
A46	-43.065426	54.030174	92.626766	-0.264379	0.518383	0.813254
A92	111.260190	61.739855	28.678904	0.749468	0.608807	0.260101
A41	59.433806	62.613006	75.339849	0.221882	0.626712	0.746994
A90	132.774412	21.110489	23.645788	0.960149	0.169104	0.222524
A7	59.573294	20.983932	95.392769	0.225704	0.195356	0.954408
A23	38.407849	45.301239	91.745662	0.204486	0.439736	0.874539
A83	33.643330	-81.729785	58.456886	0.151489	-0.825019	0.544422
A154	67.411300	95.146015	-7.972400	0.299342	0.954088	0.010477
A34	57.986136	-45.463452	85.219021	0.206764	-0.490095	0.846791
A17	59.739404	-24.162312	93.546332	0.234932	-0.278010	0.931407
A18	81.032240	-22.514695	86.514474	0.432001	-0.272283	0.859789
A248	52.013885	-94.779607	-74.152020	0.390448	-0.906395	-0.161241
A149	94.191836	-79.527376	6.039542	0.542529	-0.839685	0.024340
A118	110.992472	-61.191838	24.524503	0.716554	-0.659707	0.226580
A208	-75.576032	-86.972283	-23.292088	-0.512382	-0.856686	0.059611
A152	134.421540	-23.041315	0.881340	0.967314	-0.253420	-0.009092
A140	-92.657239	-62.523399	36.551927	-0.745785	-0.605731	0.277300
A144	-13.994515	-100.562525	25.763128	0.025015	-0.985853	0.165732
A209	-27.561308	-107.449369	-35.955841	0.104650	-0.994011	-0.031477
A110	-51.978085	-84.914617	53.199844	-0.341075	-0.830508	0.440369
A111	-31.983444	-91.500925	50.189100	-0.164546	-0.903280	0.396245
A244	-31.316555	-107.121976	-62.196683	0.112195	-0.993636	-0.009982
A185	-119.241610	24.351117	4.461864	-0.957587	0.228215	0.175909
A246	11.163807	-102.605136	-67.563524	0.096317	-0.995318	-0.008072
A162	-102.576537	56.266950	21.171820	-0.831165	0.531454	0.163470
A106	-102.227192	-20.952759	61.062307	-0.831901	-0.194574	0.519695
A187	-118.982558	-22.346410	3.870584	-0.966039	-0.212768	0.146621
A48	-67.832556	19.629290	96.174140	-0.492922	0.179813	0.851290
A221	-124.200792	-21.808455	-32.899062	-0.962961	-0.225371	0.148034
A196	15.413465	108.552615	-34.371766	0.108857	0.993384	0.036589
A133	-76.481136	79.239493	38.297244	-0.574513	0.758908	0.306585
A158	-24.395742	110.534021	-0.739020	0.091062	0.995190	0.036126
A44	-1.483637	63.708029	89.225016	0.149767	0.607754	0.779875
A134	-92.280674	63.126426	40.121662	-0.723749	0.607789	0.326772
A216	-87.475934	84.788282	-35.524595	-0.598089	0.790082	0.134392
